#format table ## [Custom WaveView] saved 12:41:56 Thu Apr 18 2024
XVAL ,v(/a) ,v(/b) ,v(/c) ,v(/d) ,v(/f) 
 0.000E+00 , 0.000E+00 , 0.000E+00 , 0.000E+00 , 0.000E+00 , 1.800E+00 
 2.000E-08 ,-1.928E-17 ,-1.924E-17 ,-1.929E-17 ,-1.934E-17 , 1.800E+00 
 2.000E-08 , 6.225E-03 , 3.303E-04 , 2.177E-05 , 8.896E-06 , 1.800E+00 
 2.000E-08 , 1.243E-02 , 6.607E-04 , 4.355E-05 , 1.779E-05 , 1.800E+00 
 2.000E-08 , 2.476E-02 , 1.318E-03 , 8.709E-05 , 3.558E-05 , 1.800E+00 
 2.000E-08 , 4.924E-02 , 2.624E-03 , 1.753E-04 , 7.116E-05 , 1.800E+00 
 2.000E-08 , 9.731E-02 , 5.200E-03 , 3.549E-04 , 1.423E-04 , 1.801E+00 
 2.000E-08 , 1.897E-01 , 1.004E-02 , 7.038E-04 , 2.772E-04 , 1.801E+00 
 2.000E-08 , 3.602E-01 , 1.818E-02 , 1.307E-03 , 5.090E-04 , 1.802E+00 
 2.000E-08 , 6.484E-01 , 2.908E-02 , 2.177E-03 , 8.524E-04 , 1.804E+00 
 2.000E-08 , 8.728E-01 , 3.477E-02 , 2.727E-03 , 1.087E-03 , 1.806E+00 
 2.000E-08 , 1.037E+00 , 3.726E-02 , 3.044E-03 , 1.219E-03 , 1.807E+00 
 2.000E-08 , 1.212E+00 , 3.764E-02 , 3.246E-03 , 1.283E-03 , 1.809E+00 
 2.000E-08 , 1.366E+00 , 3.475E-02 , 3.238E-03 , 1.237E-03 , 1.810E+00 
 2.000E-08 , 1.508E+00 , 2.810E-02 , 3.003E-03 , 1.077E-03 , 1.812E+00 
 2.001E-08 , 1.641E+00 , 1.718E-02 , 2.515E-03 , 7.837E-04 , 1.814E+00 
 2.001E-08 , 1.714E+00 , 8.301E-03 , 2.073E-03 , 5.310E-04 , 1.815E+00 
 2.001E-08 , 1.753E+00 , 2.082E-03 , 1.738E-03 , 3.529E-04 , 1.816E+00 
 2.001E-08 , 1.777E+00 ,-2.600E-03 , 1.455E-03 , 2.282E-04 , 1.818E+00 
 2.001E-08 , 1.789E+00 ,-5.171E-03 , 1.249E-03 , 1.777E-04 , 1.820E+00 
 2.002E-08 , 1.794E+00 ,-5.970E-03 , 1.089E-03 , 1.857E-04 , 1.822E+00 
 2.002E-08 , 1.796E+00 ,-5.444E-03 , 9.280E-04 , 2.234E-04 , 1.824E+00 
 2.002E-08 , 1.798E+00 ,-4.078E-03 , 7.171E-04 , 2.487E-04 , 1.826E+00 
 2.003E-08 , 1.799E+00 ,-2.601E-03 , 4.522E-04 , 2.164E-04 , 1.827E+00 
 2.004E-08 , 1.799E+00 ,-1.298E-03 , 1.322E-04 , 1.058E-04 , 1.828E+00 
 2.006E-08 , 1.800E+00 ,-6.677E-04 ,-6.031E-05 , 5.804E-06 , 1.828E+00 
 2.008E-08 , 1.800E+00 ,-3.784E-04 ,-1.471E-04 ,-4.878E-05 , 1.826E+00 
 2.011E-08 , 1.800E+00 ,-2.602E-04 ,-1.601E-04 ,-6.107E-05 , 1.824E+00 
 2.014E-08 , 1.800E+00 ,-2.201E-04 ,-1.396E-04 ,-5.130E-05 , 1.821E+00 
 2.019E-08 , 1.800E+00 ,-1.739E-04 ,-1.147E-04 ,-4.082E-05 , 1.817E+00 
 2.029E-08 , 1.800E+00 ,-1.083E-04 ,-8.051E-05 ,-2.926E-05 , 1.812E+00 
 2.049E-08 , 1.800E+00 ,-4.643E-05 ,-3.686E-05 ,-1.384E-05 , 1.805E+00 
 2.084E-08 , 1.800E+00 ,-1.147E-05 ,-8.027E-06 ,-2.948E-06 , 1.801E+00 
 2.125E-08 , 1.800E+00 ,-2.910E-06 ,-1.986E-06 ,-7.045E-07 , 1.800E+00 
 2.180E-08 , 1.800E+00 ,-2.600E-06 ,-1.810E-06 ,-6.801E-07 , 1.800E+00 
 2.283E-08 , 1.800E+00 ,-2.015E-06 ,-1.478E-06 ,-6.341E-07 , 1.800E+00 
 2.453E-08 , 1.800E+00 ,-4.539E-07 ,-9.307E-07 ,-5.584E-07 , 1.800E+00 
 2.792E-08 , 1.800E+00 , 2.146E-07 , 1.635E-07 ,-4.070E-07 , 1.800E+00 
 3.242E-08 , 1.800E+00 , 1.321E-07 , 1.006E-07 ,-2.062E-07 , 1.800E+00 
 3.692E-08 , 1.800E+00 , 4.955E-08 , 3.770E-08 ,-5.534E-09 , 1.800E+00 
 4.000E-08 , 1.800E+00 ,-6.873E-09 ,-5.307E-09 ,-1.984E-09 , 1.800E+00 
 4.000E-08 , 1.792E+00 , 6.175E-03 , 8.341E-05 , 9.645E-06 , 1.800E+00 
 4.000E-08 , 1.777E+00 , 1.847E-02 , 2.491E-04 , 2.894E-05 , 1.801E+00 
 4.000E-08 , 1.747E+00 , 4.284E-02 , 5.753E-04 , 6.753E-05 , 1.801E+00 
 4.000E-08 , 1.688E+00 , 9.058E-02 , 1.206E-03 , 1.447E-04 , 1.803E+00 
 4.000E-08 , 1.576E+00 , 1.822E-01 , 2.379E-03 , 2.970E-04 , 1.806E+00 
 4.000E-08 , 1.377E+00 , 3.509E-01 , 4.382E-03 , 5.883E-04 , 1.811E+00 
 4.000E-08 , 1.120E+00 , 5.891E-01 , 6.764E-03 , 1.041E-03 , 1.818E+00 
 4.000E-08 , 9.309E-01 , 7.849E-01 , 8.232E-03 , 1.429E-03 , 1.824E+00 
 4.000E-08 , 7.920E-01 , 9.371E-01 , 8.971E-03 , 1.699E-03 , 1.828E+00 
 4.000E-08 , 6.474E-01 , 1.101E+00 , 9.248E-03 , 1.914E-03 , 1.832E+00 
 4.000E-08 , 4.972E-01 , 1.280E+00 , 8.816E-03 , 2.019E-03 , 1.836E+00 
 4.000E-08 , 3.457E-01 , 1.463E+00 , 7.568E-03 , 1.960E-03 , 1.838E+00 
 4.001E-08 , 2.080E-01 , 1.622E+00 , 5.637E-03 , 1.702E-03 , 1.840E+00 
 4.001E-08 , 1.238E-01 , 1.709E+00 , 3.964E-03 , 1.397E-03 , 1.841E+00 
 4.001E-08 , 7.503E-02 , 1.752E+00 , 2.748E-03 , 1.138E-03 , 1.841E+00 
 4.001E-08 , 4.135E-02 , 1.777E+00 , 1.748E-03 , 9.008E-04 , 1.841E+00 
 4.001E-08 , 2.023E-02 , 1.790E+00 , 1.008E-03 , 7.019E-04 , 1.840E+00 
 4.002E-08 , 8.255E-03 , 1.796E+00 , 5.015E-04 , 5.344E-04 , 1.840E+00 
 4.002E-08 , 2.626E-03 , 1.799E+00 , 1.814E-04 , 3.822E-04 , 1.839E+00 
 4.002E-08 , 9.218E-04 , 1.799E+00 ,-6.794E-07 , 2.387E-04 , 1.838E+00 
 4.003E-08 , 6.290E-04 , 1.800E+00 ,-1.173E-04 , 1.019E-04 , 1.837E+00 
 4.004E-08 , 3.983E-04 , 1.800E+00 ,-2.012E-04 ,-5.427E-06 , 1.835E+00 
 4.005E-08 , 9.337E-05 , 1.800E+00 ,-2.559E-04 ,-7.882E-05 , 1.833E+00 
 4.008E-08 ,-1.558E-05 , 1.800E+00 ,-2.373E-04 ,-8.282E-05 , 1.828E+00 
 4.014E-08 , 1.354E-05 , 1.800E+00 ,-1.749E-04 ,-5.375E-05 , 1.822E+00 
 4.022E-08 , 1.209E-05 , 1.800E+00 ,-1.170E-04 ,-3.796E-05 , 1.815E+00 
 4.040E-08 , 1.453E-06 , 1.800E+00 ,-5.421E-05 ,-2.101E-05 , 1.806E+00 
 4.067E-08 ,-5.578E-07 , 1.800E+00 ,-1.398E-05 ,-5.459E-06 , 1.802E+00 
 4.100E-08 ,-2.884E-07 , 1.800E+00 ,-3.335E-06 ,-1.106E-06 , 1.800E+00 
 4.142E-08 , 5.928E-08 , 1.800E+00 ,-2.292E-06 ,-9.567E-07 , 1.800E+00 
 4.220E-08 , 5.584E-08 , 1.800E+00 ,-2.115E-06 ,-6.782E-07 , 1.800E+00 
 4.343E-08 , 5.044E-08 , 1.800E+00 ,-6.576E-07 ,-2.416E-07 , 1.800E+00 
 4.588E-08 , 3.963E-08 , 1.800E+00 , 1.911E-07 ,-1.570E-07 , 1.800E+00 
 5.038E-08 , 1.981E-08 , 1.800E+00 , 1.299E-07 ,-1.923E-09 , 1.800E+00 
 5.488E-08 ,-1.007E-11 , 1.800E+00 , 6.866E-08 ,-1.201E-09 , 1.800E+00 
 6.000E-08 ,-3.610E-13 , 1.800E+00 ,-1.028E-09 ,-3.785E-10 , 1.800E+00 
 6.000E-08 , 6.304E-03 , 1.800E+00 , 6.834E-06 , 5.645E-06 , 1.800E+00 
 6.000E-08 , 1.259E-02 , 1.800E+00 , 1.367E-05 , 1.129E-05 , 1.800E+00 
 6.000E-08 , 2.512E-02 , 1.801E+00 , 2.734E-05 , 2.258E-05 , 1.800E+00 
 6.000E-08 , 4.993E-02 , 1.802E+00 , 5.390E-05 , 4.516E-05 , 1.800E+00 
 6.000E-08 , 9.860E-02 , 1.803E+00 , 1.046E-04 , 8.779E-05 , 1.800E+00 
 6.000E-08 , 1.921E-01 , 1.806E+00 , 1.957E-04 , 1.651E-04 , 1.800E+00 
 6.000E-08 , 3.643E-01 , 1.811E+00 , 3.418E-04 , 2.912E-04 , 1.800E+00 
 6.000E-08 , 6.557E-01 , 1.818E+00 , 5.485E-04 , 4.790E-04 , 1.800E+00 
 6.000E-08 , 8.799E-01 , 1.821E+00 , 6.740E-04 , 6.022E-04 , 1.800E+00 
 6.000E-08 , 1.042E+00 , 1.823E+00 , 7.200E-04 , 6.533E-04 , 1.800E+00 
 6.000E-08 , 1.213E+00 , 1.823E+00 , 6.936E-04 , 6.399E-04 , 1.800E+00 
 6.000E-08 , 1.398E+00 , 1.821E+00 , 5.429E-04 , 5.139E-04 , 1.800E+00 
 6.000E-08 , 1.515E+00 , 1.818E+00 , 3.628E-04 , 3.553E-04 , 1.800E+00 
 6.001E-08 , 1.621E+00 , 1.814E+00 , 1.316E-04 , 1.469E-04 , 1.800E+00 
 6.001E-08 , 1.706E+00 , 1.808E+00 ,-9.824E-05 ,-6.717E-05 , 1.800E+00 
 6.001E-08 , 1.754E+00 , 1.804E+00 ,-2.388E-04 ,-2.048E-04 , 1.800E+00 
 6.001E-08 , 1.780E+00 , 1.802E+00 ,-2.857E-04 ,-2.578E-04 , 1.800E+00 
 6.001E-08 , 1.792E+00 , 1.801E+00 ,-2.598E-04 ,-2.421E-04 , 1.800E+00 
 6.002E-08 , 1.797E+00 , 1.800E+00 ,-1.869E-04 ,-1.794E-04 , 1.800E+00 
 6.002E-08 , 1.799E+00 , 1.800E+00 ,-9.887E-05 ,-9.814E-05 , 1.800E+00 
 6.002E-08 , 1.799E+00 , 1.800E+00 ,-2.905E-05 ,-3.036E-05 , 1.800E+00 
 6.003E-08 , 1.800E+00 , 1.800E+00 ,-2.129E-06 ,-2.478E-06 , 1.800E+00 
 6.004E-08 , 1.800E+00 , 1.800E+00 ,-4.919E-06 ,-4.278E-06 , 1.800E+00 
 6.006E-08 , 1.800E+00 , 1.800E+00 ,-6.821E-06 ,-6.891E-06 , 1.800E+00 
 6.010E-08 , 1.800E+00 , 1.800E+00 ,-1.014E-06 ,-1.393E-06 , 1.800E+00 
 6.018E-08 , 1.800E+00 , 1.800E+00 , 1.009E-06 , 8.949E-07 , 1.800E+00 
 6.033E-08 , 1.800E+00 , 1.800E+00 ,-1.199E-07 ,-1.522E-07 , 1.800E+00 
 6.063E-08 , 1.800E+00 , 1.800E+00 ,-1.160E-07 ,-1.419E-07 , 1.800E+00 
 6.123E-08 , 1.800E+00 , 1.800E+00 ,-1.083E-07 ,-1.215E-07 , 1.800E+00 
 6.244E-08 , 1.800E+00 , 1.800E+00 ,-9.275E-08 ,-8.059E-08 , 1.800E+00 
 6.485E-08 , 1.800E+00 , 1.800E+00 ,-6.174E-08 , 1.209E-09 , 1.800E+00 
 6.935E-08 , 1.800E+00 , 1.800E+00 ,-3.899E-09 , 7.631E-10 , 1.800E+00 
 7.835E-08 , 1.800E+00 , 1.800E+00 ,-1.293E-09 ,-1.284E-10 , 1.800E+00 
 8.000E-08 , 1.800E+00 , 1.800E+00 ,-8.150E-10 ,-2.917E-10 , 1.800E+00 
 8.000E-08 , 1.792E+00 , 1.792E+00 , 6.302E-03 , 3.050E-04 , 1.800E+00 
 8.000E-08 , 1.784E+00 , 1.784E+00 , 1.259E-02 , 6.100E-04 , 1.800E+00 
 8.000E-08 , 1.768E+00 , 1.768E+00 , 2.511E-02 , 1.217E-03 , 1.801E+00 
 8.000E-08 , 1.737E+00 , 1.737E+00 , 4.992E-02 , 2.423E-03 , 1.801E+00 
 8.000E-08 , 1.676E+00 , 1.677E+00 , 9.858E-02 , 4.798E-03 , 1.802E+00 
 8.000E-08 , 1.563E+00 , 1.563E+00 , 1.921E-01 , 9.264E-03 , 1.804E+00 
 8.000E-08 , 1.361E+00 , 1.362E+00 , 3.642E-01 , 1.680E-02 , 1.808E+00 
 8.000E-08 , 1.127E+00 , 1.130E+00 , 5.744E-01 , 2.443E-02 , 1.812E+00 
 8.000E-08 , 9.677E-01 , 9.707E-01 , 7.300E-01 , 2.874E-02 , 1.813E+00 
 8.000E-08 , 8.376E-01 , 8.409E-01 , 8.658E-01 , 3.155E-02 , 1.813E+00 
 8.000E-08 , 6.978E-01 , 7.006E-01 , 1.020E+00 , 3.375E-02 , 1.812E+00 
 8.000E-08 , 5.425E-01 , 5.438E-01 , 1.200E+00 , 3.456E-02 , 1.809E+00 
 8.000E-08 , 4.138E-01 , 4.135E-01 , 1.353E+00 , 3.265E-02 , 1.805E+00 
 8.000E-08 , 2.939E-01 , 2.917E-01 , 1.499E+00 , 2.726E-02 , 1.799E+00 
 8.001E-08 , 1.803E-01 , 1.764E-01 , 1.636E+00 , 1.778E-02 , 1.792E+00 
 8.001E-08 , 1.138E-01 , 1.089E-01 , 1.713E+00 , 9.715E-03 , 1.785E+00 
 8.001E-08 , 7.234E-02 , 6.711E-02 , 1.756E+00 , 3.603E-03 , 1.778E+00 
 8.001E-08 , 4.305E-02 , 3.785E-02 , 1.783E+00 ,-1.161E-03 , 1.771E+00 
 8.001E-08 , 2.549E-02 , 2.070E-02 , 1.795E+00 ,-3.954E-03 , 1.763E+00 
 8.002E-08 , 1.540E-02 , 1.131E-02 , 1.800E+00 ,-5.120E-03 , 1.755E+00 
 8.002E-08 , 9.705E-03 , 6.546E-03 , 1.802E+00 ,-5.031E-03 , 1.747E+00 
 8.002E-08 , 6.299E-03 , 4.201E-03 , 1.802E+00 ,-4.066E-03 , 1.738E+00 
 8.003E-08 , 4.048E-03 , 2.893E-03 , 1.801E+00 ,-2.891E-03 , 1.731E+00 
 8.004E-08 , 2.205E-03 , 1.736E-03 , 1.801E+00 ,-1.831E-03 , 1.727E+00 
 8.005E-08 , 9.924E-04 , 8.997E-04 , 1.801E+00 ,-1.031E-03 , 1.725E+00 
 8.006E-08 , 4.579E-04 , 5.483E-04 , 1.801E+00 ,-4.964E-04 , 1.725E+00 
 8.007E-08 , 2.799E-04 , 4.687E-04 , 1.800E+00 ,-1.728E-04 , 1.727E+00 
 8.009E-08 , 2.271E-04 , 4.661E-04 , 1.800E+00 ,-1.399E-05 , 1.730E+00 
 8.011E-08 , 1.988E-04 , 4.537E-04 , 1.800E+00 , 3.883E-05 , 1.736E+00 
 8.014E-08 , 1.686E-04 , 4.145E-04 , 1.800E+00 , 4.148E-05 , 1.743E+00 
 8.018E-08 , 1.392E-04 , 3.609E-04 , 1.800E+00 , 3.300E-05 , 1.750E+00 
 8.024E-08 , 1.108E-04 , 2.955E-04 , 1.800E+00 , 2.607E-05 , 1.760E+00 
 8.031E-08 , 8.241E-05 , 2.201E-04 , 1.800E+00 , 2.041E-05 , 1.771E+00 
 8.042E-08 , 5.421E-05 , 1.423E-04 , 1.800E+00 , 1.420E-05 , 1.781E+00 
 8.057E-08 , 2.939E-05 , 7.474E-05 , 1.800E+00 , 8.612E-06 , 1.790E+00 
 8.079E-08 , 1.275E-05 , 2.967E-05 , 1.800E+00 , 4.957E-06 , 1.796E+00 
 8.109E-08 , 4.946E-06 , 9.257E-06 , 1.800E+00 , 2.979E-06 , 1.799E+00 
 8.153E-08 , 2.802E-06 , 4.654E-06 , 1.800E+00 , 2.304E-06 , 1.799E+00 
 8.213E-08 , 2.329E-06 , 3.796E-06 , 1.800E+00 , 1.359E-06 , 1.799E+00 
 8.304E-08 , 1.620E-06 , 2.511E-06 , 1.800E+00 , 1.035E-06 , 1.800E+00 
 8.437E-08 , 5.861E-07 , 6.375E-07 , 1.800E+00 , 5.635E-07 , 1.800E+00 
 8.628E-08 , 4.967E-07 , 4.991E-07 , 1.800E+00 , 4.999E-07 , 1.800E+00 
 8.905E-08 , 3.671E-07 , 2.984E-07 , 1.800E+00 , 4.077E-07 , 1.800E+00 
 9.311E-08 , 1.771E-07 , 2.285E-07 , 1.800E+00 , 2.726E-07 , 1.800E+00 
 9.761E-08 , 1.326E-07 , 1.510E-07 , 1.800E+00 , 1.229E-07 , 1.800E+00 
 1.000E-07 , 1.090E-07 , 1.099E-07 , 1.800E+00 , 1.087E-07 , 1.800E+00 
 1.000E-07 , 6.264E-03 , 3.341E-04 , 1.800E+00 , 5.828E-06 , 1.800E+00 
 1.000E-07 , 1.251E-02 , 6.681E-04 , 1.800E+00 , 1.155E-05 , 1.800E+00 
 1.000E-07 , 2.496E-02 , 1.333E-03 , 1.800E+00 , 2.299E-05 , 1.800E+00 
 1.000E-07 , 4.962E-02 , 2.655E-03 , 1.800E+00 , 4.586E-05 , 1.800E+00 
 1.000E-07 , 9.800E-02 , 5.260E-03 , 1.800E+00 , 9.008E-05 , 1.801E+00 
 1.000E-07 , 1.910E-01 , 1.015E-02 , 1.801E+00 , 1.723E-04 , 1.801E+00 
 1.000E-07 , 3.624E-01 , 1.837E-02 , 1.801E+00 , 3.101E-04 , 1.802E+00 
 1.000E-07 , 6.520E-01 , 2.932E-02 , 1.802E+00 , 4.878E-04 , 1.805E+00 
 1.000E-07 , 8.775E-01 , 3.494E-02 , 1.802E+00 , 5.119E-04 , 1.806E+00 
 1.000E-07 , 1.046E+00 , 3.729E-02 , 1.802E+00 , 4.028E-04 , 1.808E+00 
 1.000E-07 , 1.224E+00 , 3.722E-02 , 1.801E+00 , 1.092E-04 , 1.809E+00 
 1.000E-07 , 1.380E+00 , 3.360E-02 , 1.800E+00 ,-3.515E-04 , 1.811E+00 
 1.000E-07 , 1.518E+00 , 2.624E-02 , 1.799E+00 ,-9.793E-04 , 1.812E+00 
 1.000E-07 , 1.644E+00 , 1.495E-02 , 1.797E+00 ,-1.825E-03 , 1.814E+00 
 1.000E-07 , 1.714E+00 , 5.707E-03 , 1.795E+00 ,-2.503E-03 , 1.816E+00 
 1.000E-07 , 1.751E+00 ,-7.679E-04 , 1.794E+00 ,-2.974E-03 , 1.817E+00 
 1.000E-07 , 1.774E+00 ,-5.546E-03 , 1.792E+00 ,-3.269E-03 , 1.819E+00 
 1.000E-07 , 1.786E+00 ,-8.241E-03 , 1.790E+00 ,-3.288E-03 , 1.820E+00 
 1.000E-07 , 1.791E+00 ,-9.209E-03 , 1.790E+00 ,-2.999E-03 , 1.820E+00 
 1.000E-07 , 1.794E+00 ,-8.889E-03 , 1.792E+00 ,-2.392E-03 , 1.819E+00 
 1.000E-07 , 1.795E+00 ,-7.757E-03 , 1.795E+00 ,-1.529E-03 , 1.813E+00 
 1.000E-07 , 1.797E+00 ,-6.674E-03 , 1.797E+00 ,-7.944E-04 , 1.802E+00 
 1.000E-07 , 1.798E+00 ,-6.138E-03 , 1.798E+00 ,-4.501E-04 , 1.790E+00 
 1.000E-07 , 1.799E+00 ,-5.801E-03 , 1.798E+00 ,-2.743E-04 , 1.775E+00 
 1.001E-07 , 1.799E+00 ,-5.574E-03 , 1.799E+00 ,-2.015E-04 , 1.756E+00 
 1.001E-07 , 1.799E+00 ,-5.420E-03 , 1.799E+00 ,-1.775E-04 , 1.731E+00 
 1.001E-07 , 1.799E+00 ,-5.323E-03 , 1.799E+00 ,-1.702E-04 , 1.694E+00 
 1.001E-07 , 1.799E+00 ,-5.273E-03 , 1.799E+00 ,-1.662E-04 , 1.643E+00 
 1.001E-07 , 1.799E+00 ,-5.236E-03 , 1.799E+00 ,-1.641E-04 , 1.546E+00 
 1.002E-07 , 1.799E+00 ,-5.122E-03 , 1.799E+00 ,-1.669E-04 , 1.362E+00 
 1.003E-07 , 1.799E+00 ,-4.322E-03 , 1.799E+00 ,-1.761E-04 , 1.068E+00 
 1.004E-07 , 1.800E+00 ,-2.732E-03 , 1.799E+00 ,-1.913E-04 , 8.546E-01 
 1.005E-07 , 1.800E+00 ,-1.695E-03 , 1.799E+00 ,-2.098E-04 , 6.453E-01 
 1.006E-07 , 1.800E+00 ,-1.232E-03 , 1.799E+00 ,-2.102E-04 , 4.452E-01 
 1.007E-07 , 1.800E+00 ,-8.188E-04 , 1.799E+00 ,-1.596E-04 , 2.603E-01 
 1.008E-07 , 1.800E+00 ,-5.107E-04 , 1.800E+00 ,-1.003E-04 , 1.471E-01 
 1.010E-07 , 1.800E+00 ,-2.716E-04 , 1.800E+00 ,-5.000E-05 , 6.911E-02 
 1.011E-07 , 1.800E+00 ,-1.214E-04 , 1.800E+00 ,-1.764E-05 , 2.407E-02 
 1.013E-07 , 1.800E+00 ,-6.344E-05 , 1.800E+00 ,-5.852E-06 , 8.493E-03 
 1.015E-07 , 1.800E+00 ,-3.934E-05 , 1.800E+00 ,-1.927E-06 , 3.271E-03 
 1.017E-07 , 1.800E+00 ,-2.767E-05 , 1.800E+00 ,-8.229E-07 , 1.692E-03 
 1.020E-07 , 1.800E+00 ,-2.021E-05 , 1.800E+00 ,-6.728E-07 , 1.174E-03 
 1.025E-07 , 1.800E+00 ,-1.417E-05 , 1.800E+00 ,-4.587E-07 , 7.363E-04 
 1.033E-07 , 1.800E+00 ,-8.517E-06 , 1.800E+00 ,-4.783E-08 , 3.070E-04 
 1.047E-07 , 1.800E+00 ,-5.294E-06 , 1.800E+00 ,-4.406E-08 , 1.597E-04 
 1.064E-07 , 1.800E+00 ,-3.545E-06 , 1.800E+00 ,-3.897E-08 , 1.218E-04 
 1.092E-07 , 1.800E+00 ,-2.692E-06 , 1.800E+00 ,-3.118E-08 , 8.045E-05 
 1.129E-07 , 1.800E+00 ,-1.522E-06 , 1.800E+00 ,-2.049E-08 , 5.081E-05 
 1.174E-07 , 1.800E+00 ,-1.145E-06 , 1.800E+00 ,-7.620E-09 , 3.622E-05 
 1.200E-07 , 1.800E+00 ,-9.289E-07 , 1.800E+00 ,-2.200E-10 , 3.159E-05 
 1.200E-07 , 1.792E+00 , 8.951E-03 , 1.800E+00 ,-2.919E-06 , 1.439E-04 
 1.200E-07 , 1.775E+00 , 2.680E-02 , 1.800E+00 ,-8.756E-06 , 3.667E-04 
 1.200E-07 , 1.743E+00 , 6.222E-02 , 1.800E+00 ,-1.970E-05 , 8.029E-04 
 1.200E-07 , 1.680E+00 , 1.317E-01 , 1.800E+00 ,-3.942E-05 , 1.634E-03 
 1.200E-07 , 1.561E+00 , 2.642E-01 , 1.800E+00 ,-7.176E-05 , 3.130E-03 
 1.200E-07 , 1.350E+00 , 5.006E-01 , 1.800E+00 ,-9.500E-05 , 5.574E-03 
 1.200E-07 , 1.163E+00 , 7.155E-01 , 1.801E+00 ,-3.814E-05 , 7.624E-03 
 1.200E-07 , 1.035E+00 , 8.693E-01 , 1.801E+00 , 4.902E-05 , 9.020E-03 
 1.200E-07 , 8.756E-01 , 1.064E+00 , 1.801E+00 , 1.794E-04 , 1.072E-02 
 1.200E-07 , 7.456E-01 , 1.218E+00 , 1.802E+00 , 2.751E-04 , 1.203E-02 
 1.200E-07 , 6.273E-01 , 1.350E+00 , 1.802E+00 , 3.423E-04 , 1.312E-02 
 1.200E-07 , 4.786E-01 , 1.500E+00 , 1.802E+00 , 3.896E-04 , 1.432E-02 
 1.200E-07 , 3.676E-01 , 1.599E+00 , 1.802E+00 , 3.829E-04 , 1.509E-02 
 1.200E-07 , 2.800E-01 , 1.669E+00 , 1.801E+00 , 3.407E-04 , 1.560E-02 
 1.200E-07 , 1.923E-01 , 1.730E+00 , 1.801E+00 , 2.585E-04 , 1.601E-02 
 1.200E-07 , 1.316E-01 , 1.766E+00 , 1.801E+00 , 1.757E-04 , 1.621E-02 
 1.200E-07 , 8.781E-02 , 1.788E+00 , 1.800E+00 , 1.028E-04 , 1.627E-02 
 1.200E-07 , 5.348E-02 , 1.803E+00 , 1.800E+00 , 4.063E-05 , 1.622E-02 
 1.200E-07 , 3.464E-02 , 1.809E+00 , 1.800E+00 , 8.053E-06 , 1.607E-02 
 1.200E-07 , 2.444E-02 , 1.811E+00 , 1.800E+00 ,-5.790E-06 , 1.587E-02 
 1.200E-07 , 1.865E-02 , 1.811E+00 , 1.800E+00 ,-9.763E-06 , 1.555E-02 
 1.200E-07 , 1.611E-02 , 1.809E+00 , 1.800E+00 ,-9.768E-06 , 1.516E-02 
 1.200E-07 , 1.421E-02 , 1.807E+00 , 1.800E+00 ,-9.775E-06 , 1.464E-02 
 1.200E-07 , 1.099E-02 , 1.804E+00 , 1.800E+00 ,-9.785E-06 , 1.388E-02 
 1.200E-07 , 7.998E-03 , 1.803E+00 , 1.800E+00 ,-9.794E-06 , 1.324E-02 
 1.201E-07 , 5.505E-03 , 1.802E+00 , 1.800E+00 ,-9.804E-06 , 1.260E-02 
 1.201E-07 , 3.057E-03 , 1.801E+00 , 1.800E+00 ,-9.309E-06 , 1.170E-02 
 1.201E-07 , 1.635E-03 , 1.801E+00 , 1.800E+00 ,-8.790E-06 , 1.083E-02 
 1.201E-07 , 7.754E-04 , 1.800E+00 , 1.800E+00 ,-8.182E-06 , 9.887E-03 
 1.201E-07 , 2.363E-04 , 1.800E+00 , 1.800E+00 ,-7.241E-06 , 8.596E-03 
 1.201E-07 , 6.848E-05 , 1.800E+00 , 1.800E+00 ,-6.235E-06 , 7.401E-03 
 1.202E-07 , 2.501E-05 , 1.800E+00 , 1.800E+00 ,-4.960E-06 , 6.121E-03 
 1.202E-07 , 2.087E-05 , 1.800E+00 , 1.800E+00 ,-3.789E-06 , 4.321E-03 
 1.203E-07 , 1.174E-05 , 1.800E+00 , 1.800E+00 ,-2.132E-06 , 2.621E-03 
 1.205E-07 , 9.287E-08 , 1.800E+00 , 1.800E+00 ,-7.656E-07 , 9.394E-04 
 1.208E-07 ,-8.116E-07 , 1.800E+00 , 1.800E+00 ,-1.106E-07 , 1.359E-04 
 1.213E-07 , 3.945E-07 , 1.800E+00 , 1.800E+00 ,-1.053E-07 , 1.749E-04 
 1.220E-07 , 2.496E-07 , 1.800E+00 , 1.800E+00 ,-9.760E-08 , 1.633E-04 
 1.234E-07 ,-4.017E-08 , 1.800E+00 , 1.800E+00 ,-8.222E-08 , 2.215E-05 
 1.262E-07 ,-3.338E-08 , 1.800E+00 , 1.800E+00 ,-5.145E-08 ,-2.016E-05 
 1.307E-07 ,-2.249E-08 , 1.800E+00 , 1.800E+00 ,-2.138E-09 , 2.645E-06 
 1.400E-07 , 1.798E-11 , 1.800E+00 , 1.800E+00 , 6.496E-11 ,-4.454E-08 
 1.400E-07 , 6.304E-03 , 1.800E+00 , 1.800E+00 , 5.301E-06 , 2.894E-06 
 1.400E-07 , 1.259E-02 , 1.800E+00 , 1.800E+00 , 1.060E-05 , 5.832E-06 
 1.400E-07 , 2.512E-02 , 1.801E+00 , 1.800E+00 , 2.120E-05 , 1.171E-05 
 1.400E-07 , 4.993E-02 , 1.802E+00 , 1.800E+00 , 4.176E-05 , 2.346E-05 
 1.400E-07 , 9.860E-02 , 1.804E+00 , 1.800E+00 , 8.082E-05 , 4.697E-05 
 1.400E-07 , 1.921E-01 , 1.807E+00 , 1.800E+00 , 1.507E-04 , 9.398E-05 
 1.400E-07 , 3.643E-01 , 1.812E+00 , 1.801E+00 , 2.613E-04 , 1.843E-04 
 1.400E-07 , 6.556E-01 , 1.819E+00 , 1.801E+00 , 4.184E-04 , 3.649E-04 
 1.400E-07 , 8.764E-01 , 1.822E+00 , 1.801E+00 , 5.129E-04 , 5.479E-04 
 1.400E-07 , 1.036E+00 , 1.823E+00 , 1.801E+00 , 5.451E-04 , 7.171E-04 
 1.400E-07 , 1.208E+00 , 1.823E+00 , 1.801E+00 , 5.175E-04 , 9.420E-04 
 1.400E-07 , 1.394E+00 , 1.821E+00 , 1.801E+00 , 3.895E-04 , 1.252E-03 
 1.400E-07 , 1.511E+00 , 1.818E+00 , 1.801E+00 , 2.464E-04 , 1.497E-03 
 1.400E-07 , 1.619E+00 , 1.813E+00 , 1.800E+00 , 6.897E-05 , 1.778E-03 
 1.400E-07 , 1.704E+00 , 1.808E+00 , 1.800E+00 ,-9.627E-05 , 2.072E-03 
 1.400E-07 , 1.754E+00 , 1.804E+00 , 1.800E+00 ,-1.858E-04 , 2.304E-03 
 1.400E-07 , 1.780E+00 , 1.802E+00 , 1.800E+00 ,-2.030E-04 , 2.467E-03 
 1.400E-07 , 1.792E+00 , 1.801E+00 , 1.800E+00 ,-1.686E-04 , 2.568E-03 
 1.400E-07 , 1.797E+00 , 1.800E+00 , 1.800E+00 ,-1.073E-04 , 2.607E-03 
 1.400E-07 , 1.799E+00 , 1.800E+00 , 1.800E+00 ,-4.617E-05 , 2.585E-03 
 1.400E-07 , 1.799E+00 , 1.800E+00 , 1.800E+00 ,-8.425E-06 , 2.502E-03 
 1.400E-07 , 1.800E+00 , 1.800E+00 , 1.800E+00 ,-1.402E-06 , 2.367E-03 
 1.400E-07 , 1.800E+00 , 1.800E+00 , 1.800E+00 ,-7.318E-06 , 2.135E-03 
 1.401E-07 , 1.800E+00 , 1.800E+00 , 1.800E+00 ,-6.042E-06 , 1.740E-03 
 1.401E-07 , 1.800E+00 , 1.800E+00 , 1.800E+00 ,-4.818E-07 , 1.155E-03 
 1.402E-07 , 1.800E+00 , 1.800E+00 , 1.800E+00 ,-4.121E-07 , 5.041E-04 
 1.404E-07 , 1.800E+00 , 1.800E+00 , 1.800E+00 ,-2.727E-07 , 1.140E-04 
 1.408E-07 , 1.800E+00 , 1.800E+00 , 1.800E+00 ,-2.294E-07 , 1.210E-04 
 1.415E-07 , 1.800E+00 , 1.800E+00 , 1.800E+00 ,-1.563E-07 , 1.426E-04 
 1.428E-07 , 1.800E+00 , 1.800E+00 , 1.800E+00 ,-2.127E-08 , 5.279E-05 
 1.454E-07 , 1.800E+00 , 1.800E+00 , 1.800E+00 ,-1.807E-08 , 1.407E-05 
 1.499E-07 , 1.800E+00 , 1.800E+00 , 1.800E+00 ,-1.250E-08 , 2.051E-05 
 1.589E-07 , 1.800E+00 , 1.800E+00 , 1.800E+00 ,-1.356E-09 , 1.268E-05 
 1.600E-07 , 1.800E+00 , 1.800E+00 , 1.800E+00 ,-2.454E-11 , 1.224E-05 
 1.600E-07 , 1.792E+00 , 1.791E+00 , 1.792E+00 , 6.037E-03 ,-1.686E-04 
 1.600E-07 , 1.784E+00 , 1.783E+00 , 1.783E+00 , 1.206E-02 ,-3.495E-04 
 1.600E-07 , 1.768E+00 , 1.766E+00 , 1.767E+00 , 2.405E-02 ,-7.089E-04 
 1.600E-07 , 1.737E+00 , 1.732E+00 , 1.734E+00 , 4.779E-02 ,-1.420E-03 
 1.600E-07 , 1.676E+00 , 1.667E+00 , 1.670E+00 , 9.434E-02 ,-2.809E-03 
 1.600E-07 , 1.561E+00 , 1.544E+00 , 1.549E+00 , 1.838E-01 ,-5.449E-03 
 1.600E-07 , 1.417E+00 , 1.393E+00 , 1.398E+00 , 2.991E-01 ,-8.753E-03 
 1.600E-07 , 1.256E+00 , 1.225E+00 , 1.235E+00 , 4.327E-01 ,-1.237E-02 
 1.600E-07 , 1.131E+00 , 1.094E+00 , 1.114E+00 , 5.400E-01 ,-1.505E-02 
 1.600E-07 , 9.271E-01 , 8.769E-01 , 9.177E-01 , 7.271E-01 ,-1.912E-02 
 1.600E-07 , 7.888E-01 , 7.266E-01 , 7.812E-01 , 8.648E-01 ,-2.146E-02 
 1.600E-07 , 6.734E-01 , 6.018E-01 , 6.655E-01 , 9.864E-01 ,-2.295E-02 
 1.600E-07 , 5.211E-01 , 4.408E-01 , 5.099E-01 , 1.161E+00 ,-2.392E-02 
 1.600E-07 , 3.950E-01 , 3.138E-01 , 3.780E-01 , 1.321E+00 ,-2.351E-02 
 1.600E-07 , 2.868E-01 , 2.113E-01 , 2.631E-01 , 1.463E+00 ,-2.175E-02 
 1.600E-07 , 1.819E-01 , 1.199E-01 , 1.519E-01 , 1.599E+00 ,-1.776E-02 
 1.600E-07 , 1.160E-01 , 6.819E-02 , 8.296E-02 , 1.679E+00 ,-1.275E-02 
 1.600E-07 , 7.153E-02 , 3.706E-02 , 3.752E-02 , 1.729E+00 ,-6.689E-03 
 1.600E-07 , 3.908E-02 , 1.739E-02 , 5.731E-03 , 1.763E+00 , 1.304E-03 
 1.600E-07 , 1.913E-02 , 7.505E-03 ,-1.216E-02 , 1.781E+00 , 1.084E-02 
 1.600E-07 , 8.037E-03 , 3.440E-03 ,-2.010E-02 , 1.790E+00 , 2.227E-02 
 1.600E-07 , 2.809E-03 , 2.346E-03 ,-2.130E-02 , 1.794E+00 , 3.635E-02 
 1.600E-07 , 1.047E-03 , 2.291E-03 ,-1.842E-02 , 1.796E+00 , 5.436E-02 
 1.600E-07 , 7.037E-04 , 2.185E-03 ,-1.450E-02 , 1.797E+00 , 7.463E-02 
 1.600E-07 , 5.523E-04 , 1.905E-03 ,-1.022E-02 , 1.798E+00 , 1.024E-01 
 1.600E-07 , 3.726E-04 , 1.698E-03 ,-6.628E-03 , 1.799E+00 , 1.365E-01 
 1.601E-07 , 2.774E-04 , 1.615E-03 ,-4.089E-03 , 1.800E+00 , 1.726E-01 
 1.601E-07 , 2.534E-04 , 1.546E-03 ,-2.180E-03 , 1.800E+00 , 2.154E-01 
 1.601E-07 , 2.431E-04 , 1.469E-03 ,-7.527E-04 , 1.800E+00 , 2.721E-01 
 1.601E-07 , 2.297E-04 , 1.420E-03 , 5.185E-05 , 1.801E+00 , 3.330E-01 
 1.601E-07 , 2.190E-04 , 1.389E-03 , 5.642E-04 , 1.801E+00 , 4.066E-01 
 1.602E-07 , 2.108E-04 , 1.364E-03 , 9.247E-04 , 1.801E+00 , 5.143E-01 
 1.602E-07 , 2.044E-04 , 1.348E-03 , 1.116E-03 , 1.801E+00 , 6.430E-01 
 1.603E-07 , 1.990E-04 , 1.346E-03 , 1.235E-03 , 1.801E+00 , 8.095E-01 
 1.604E-07 , 2.341E-04 , 1.406E-03 , 2.614E-03 , 1.801E+00 , 9.820E-01 
 1.605E-07 , 3.300E-04 , 1.523E-03 , 3.562E-03 , 1.801E+00 , 1.097E+00 
 1.605E-07 , 4.138E-04 , 1.618E-03 , 3.998E-03 , 1.801E+00 , 1.199E+00 
 1.606E-07 , 4.531E-04 , 1.696E-03 , 3.893E-03 , 1.801E+00 , 1.289E+00 
 1.606E-07 , 4.659E-04 , 1.721E-03 , 3.402E-03 , 1.801E+00 , 1.368E+00 
 1.607E-07 , 4.585E-04 , 1.633E-03 , 2.757E-03 , 1.801E+00 , 1.453E+00 
 1.608E-07 , 3.965E-04 , 1.312E-03 , 1.984E-03 , 1.800E+00 , 1.560E+00 
 1.609E-07 , 2.930E-04 , 9.171E-04 , 1.354E-03 , 1.800E+00 , 1.645E+00 
 1.610E-07 , 1.991E-04 , 6.061E-04 , 8.823E-04 , 1.800E+00 , 1.702E+00 
 1.612E-07 , 1.038E-04 , 3.078E-04 , 4.383E-04 , 1.800E+00 , 1.752E+00 
 1.614E-07 , 4.854E-05 , 1.398E-04 , 1.963E-04 , 1.800E+00 , 1.779E+00 
 1.617E-07 , 2.091E-05 , 5.788E-05 , 8.094E-05 , 1.800E+00 , 1.791E+00 
 1.619E-07 , 7.497E-06 , 1.890E-05 , 2.609E-05 , 1.800E+00 , 1.797E+00 
 1.623E-07 , 3.250E-06 , 6.956E-06 , 9.224E-06 , 1.800E+00 , 1.799E+00 
 1.629E-07 , 2.531E-06 , 4.595E-06 , 6.019E-06 , 1.800E+00 , 1.799E+00 
 1.636E-07 , 1.538E-06 , 3.330E-06 , 3.918E-06 , 1.800E+00 , 1.800E+00 
 1.649E-07 , 1.056E-06 , 1.024E-06 , 1.224E-06 , 1.800E+00 , 1.800E+00 
 1.670E-07 , 3.210E-07 , 2.707E-07 , 2.393E-07 , 1.800E+00 , 1.800E+00 
 1.736E-07 , 2.141E-07 , 1.903E-07 , 1.755E-07 , 1.800E+00 , 1.800E+00 
 1.781E-07 , 1.414E-07 , 1.357E-07 , 1.320E-07 , 1.800E+00 , 1.800E+00 
 1.800E-07 , 1.106E-07 , 1.125E-07 , 1.136E-07 , 1.800E+00 , 1.800E+00 
 1.800E-07 , 6.263E-03 , 3.336E-04 , 2.169E-05 , 1.800E+00 , 1.800E+00 
 1.800E-07 , 1.251E-02 , 6.671E-04 , 4.327E-05 , 1.800E+00 , 1.800E+00 
 1.800E-07 , 2.496E-02 , 1.331E-03 , 8.642E-05 , 1.800E+00 , 1.800E+00 
 1.800E-07 , 4.961E-02 , 2.651E-03 , 1.740E-04 , 1.800E+00 , 1.800E+00 
 1.800E-07 , 9.800E-02 , 5.252E-03 , 3.531E-04 , 1.800E+00 , 1.801E+00 
 1.800E-07 , 1.910E-01 , 1.014E-02 , 7.013E-04 , 1.800E+00 , 1.801E+00 
 1.800E-07 , 3.624E-01 , 1.833E-02 , 1.303E-03 , 1.801E+00 , 1.802E+00 
 1.800E-07 , 6.520E-01 , 2.927E-02 , 2.147E-03 , 1.801E+00 , 1.804E+00 
 1.800E-07 , 8.841E-01 , 3.499E-02 , 2.590E-03 , 1.801E+00 , 1.806E+00 
 1.800E-07 , 1.057E+00 , 3.729E-02 , 2.727E-03 , 1.801E+00 , 1.807E+00 
 1.800E-07 , 1.237E+00 , 3.696E-02 , 2.610E-03 , 1.800E+00 , 1.809E+00 
 1.800E-07 , 1.395E+00 , 3.289E-02 , 2.187E-03 , 1.799E+00 , 1.810E+00 
 1.800E-07 , 1.534E+00 , 2.494E-02 , 1.457E-03 , 1.798E+00 , 1.812E+00 
 1.800E-07 , 1.653E+00 , 1.367E-02 , 4.427E-04 , 1.797E+00 , 1.814E+00 
 1.800E-07 , 1.719E+00 , 4.704E-03 ,-3.835E-04 , 1.795E+00 , 1.815E+00 
 1.800E-07 , 1.754E+00 ,-1.493E-03 ,-9.867E-04 , 1.793E+00 , 1.816E+00 
 1.800E-07 , 1.775E+00 ,-6.037E-03 ,-1.482E-03 , 1.791E+00 , 1.818E+00 
 1.800E-07 , 1.786E+00 ,-8.556E-03 ,-1.851E-03 , 1.790E+00 , 1.818E+00 
 1.800E-07 , 1.791E+00 ,-9.393E-03 ,-2.154E-03 , 1.790E+00 , 1.818E+00 
 1.800E-07 , 1.794E+00 ,-8.950E-03 ,-2.452E-03 , 1.792E+00 , 1.816E+00 
 1.800E-07 , 1.795E+00 ,-7.826E-03 ,-2.761E-03 , 1.795E+00 , 1.811E+00 
 1.800E-07 , 1.797E+00 ,-6.620E-03 ,-3.118E-03 , 1.797E+00 , 1.801E+00 
 1.800E-07 , 1.798E+00 ,-5.868E-03 ,-3.459E-03 , 1.799E+00 , 1.789E+00 
 1.800E-07 , 1.799E+00 ,-5.414E-03 ,-3.788E-03 , 1.799E+00 , 1.775E+00 
 1.801E-07 , 1.799E+00 ,-5.092E-03 ,-4.102E-03 , 1.799E+00 , 1.758E+00 
 1.801E-07 , 1.799E+00 ,-4.851E-03 ,-4.371E-03 , 1.799E+00 , 1.736E+00 
 1.801E-07 , 1.799E+00 ,-4.683E-03 ,-4.564E-03 , 1.799E+00 , 1.704E+00 
 1.801E-07 , 1.799E+00 ,-4.595E-03 ,-4.658E-03 , 1.799E+00 , 1.658E+00 
 1.801E-07 , 1.799E+00 ,-4.562E-03 ,-4.676E-03 , 1.799E+00 , 1.571E+00 
 1.802E-07 , 1.799E+00 ,-4.532E-03 ,-4.647E-03 , 1.799E+00 , 1.448E+00 
 1.803E-07 , 1.799E+00 ,-4.402E-03 ,-4.533E-03 , 1.799E+00 , 1.268E+00 
 1.804E-07 , 1.799E+00 ,-3.570E-03 ,-3.724E-03 , 1.799E+00 , 1.015E+00 
 1.805E-07 , 1.800E+00 ,-2.158E-03 ,-2.331E-03 , 1.799E+00 , 7.906E-01 
 1.806E-07 , 1.800E+00 ,-1.447E-03 ,-1.612E-03 , 1.799E+00 , 5.711E-01 
 1.807E-07 , 1.800E+00 ,-1.062E-03 ,-1.195E-03 , 1.799E+00 , 3.778E-01 
 1.808E-07 , 1.800E+00 ,-6.885E-04 ,-7.783E-04 , 1.800E+00 , 2.175E-01 
 1.809E-07 , 1.800E+00 ,-4.046E-04 ,-4.573E-04 , 1.800E+00 , 1.160E-01 
 1.811E-07 , 1.800E+00 ,-1.894E-04 ,-2.114E-04 , 1.800E+00 , 4.659E-02 
 1.812E-07 , 1.800E+00 ,-8.844E-05 ,-9.579E-05 , 1.800E+00 , 1.661E-02 
 1.814E-07 , 1.800E+00 ,-4.965E-05 ,-5.205E-05 , 1.800E+00 , 6.505E-03 
 1.816E-07 , 1.800E+00 ,-3.302E-05 ,-3.389E-05 , 1.800E+00 , 3.200E-03 
 1.819E-07 , 1.800E+00 ,-2.404E-05 ,-2.453E-05 , 1.800E+00 , 2.116E-03 
 1.823E-07 , 1.800E+00 ,-1.719E-05 ,-1.751E-05 , 1.800E+00 , 1.487E-03 
 1.828E-07 , 1.800E+00 ,-1.165E-05 ,-1.178E-05 , 1.800E+00 , 8.865E-04 
 1.839E-07 , 1.800E+00 ,-6.884E-06 ,-6.888E-06 , 1.800E+00 , 4.237E-04 
 1.854E-07 , 1.800E+00 ,-4.454E-06 ,-4.458E-06 , 1.800E+00 , 2.844E-04 
 1.874E-07 , 1.800E+00 ,-3.010E-06 ,-3.018E-06 , 1.800E+00 , 2.049E-04 
 1.906E-07 , 1.800E+00 ,-2.287E-06 ,-2.292E-06 , 1.800E+00 , 1.307E-04 
 1.949E-07 , 1.800E+00 ,-1.294E-06 ,-1.294E-06 , 1.800E+00 , 8.655E-05 
 1.994E-07 , 1.800E+00 ,-9.676E-07 ,-9.679E-07 , 1.800E+00 , 6.461E-05 
 2.000E-07 , 1.800E+00 ,-9.220E-07 ,-9.223E-07 , 1.800E+00 , 6.273E-05 
 2.000E-07 , 1.792E+00 , 8.951E-03 , 1.943E-05 , 1.800E+00 , 1.748E-04 
 2.000E-07 , 1.775E+00 , 2.680E-02 , 6.014E-05 , 1.800E+00 , 3.969E-04 
 2.000E-07 , 1.743E+00 , 6.222E-02 , 1.388E-04 , 1.800E+00 , 8.319E-04 
 2.000E-07 , 1.680E+00 , 1.317E-01 , 2.849E-04 , 1.800E+00 , 1.660E-03 
 2.000E-07 , 1.561E+00 , 2.642E-01 , 5.329E-04 , 1.800E+00 , 3.152E-03 
 2.000E-07 , 1.350E+00 , 5.006E-01 , 9.116E-04 , 1.800E+00 , 5.588E-03 
 2.000E-07 , 1.158E+00 , 7.211E-01 , 1.254E-03 , 1.800E+00 , 7.682E-03 
 2.000E-07 , 1.023E+00 , 8.836E-01 , 1.495E-03 , 1.800E+00 , 9.148E-03 
 2.000E-07 , 8.629E-01 , 1.079E+00 , 1.710E-03 , 1.800E+00 , 1.084E-02 
 2.000E-07 , 7.325E-01 , 1.233E+00 , 1.781E-03 , 1.801E+00 , 1.214E-02 
 2.000E-07 , 6.056E-01 , 1.373E+00 , 1.741E-03 , 1.801E+00 , 1.328E-02 
 2.000E-07 , 4.557E-01 , 1.522E+00 , 1.545E-03 , 1.801E+00 , 1.446E-02 
 2.000E-07 , 3.404E-01 , 1.622E+00 , 1.265E-03 , 1.801E+00 , 1.522E-02 
 2.000E-07 , 2.507E-01 , 1.690E+00 , 9.589E-04 , 1.801E+00 , 1.571E-02 
 2.000E-07 , 1.710E-01 , 1.743E+00 , 6.212E-04 , 1.801E+00 , 1.605E-02 
 2.000E-07 , 1.105E-01 , 1.777E+00 , 3.319E-04 , 1.800E+00 , 1.621E-02 
 2.000E-07 , 6.864E-02 , 1.797E+00 , 1.269E-04 , 1.800E+00 , 1.622E-02 
 2.000E-07 , 4.197E-02 , 1.807E+00 , 8.103E-06 , 1.800E+00 , 1.611E-02 
 2.000E-07 , 2.728E-02 , 1.810E+00 ,-4.120E-05 , 1.800E+00 , 1.591E-02 
 2.000E-07 , 2.012E-02 , 1.811E+00 ,-5.288E-05 , 1.800E+00 , 1.563E-02 
 2.000E-07 , 1.678E-02 , 1.810E+00 ,-5.263E-05 , 1.800E+00 , 1.525E-02 
 2.000E-07 , 1.473E-02 , 1.807E+00 ,-5.229E-05 , 1.800E+00 , 1.473E-02 
 2.000E-07 , 1.193E-02 , 1.805E+00 ,-5.116E-05 , 1.800E+00 , 1.405E-02 
 2.000E-07 , 8.550E-03 , 1.803E+00 ,-4.859E-05 , 1.800E+00 , 1.335E-02 
 2.001E-07 , 5.713E-03 , 1.802E+00 ,-4.591E-05 , 1.800E+00 , 1.266E-02 
 2.001E-07 , 3.246E-03 , 1.801E+00 ,-4.231E-05 , 1.800E+00 , 1.179E-02 
 2.001E-07 , 1.545E-03 , 1.801E+00 ,-3.880E-05 , 1.800E+00 , 1.076E-02 
 2.001E-07 , 6.022E-04 , 1.800E+00 ,-3.443E-05 , 1.800E+00 , 9.615E-03 
 2.001E-07 , 1.821E-04 , 1.800E+00 ,-3.036E-05 , 1.800E+00 , 8.346E-03 
 2.002E-07 , 5.191E-05 , 1.800E+00 ,-2.503E-05 , 1.800E+00 , 6.935E-03 
 2.002E-07 , 3.325E-05 , 1.800E+00 ,-1.950E-05 , 1.800E+00 , 5.351E-03 
 2.003E-07 , 2.226E-05 , 1.800E+00 ,-1.390E-05 , 1.800E+00 , 3.747E-03 
 2.004E-07 , 4.237E-06 , 1.800E+00 ,-7.575E-06 , 1.800E+00 , 1.938E-03 
 2.006E-07 ,-1.863E-06 , 1.800E+00 ,-2.507E-06 , 1.800E+00 , 4.928E-04 
 2.010E-07 , 6.901E-07 , 1.800E+00 ,-1.304E-06 , 1.800E+00 , 1.541E-04 
 2.015E-07 , 3.920E-07 , 1.800E+00 ,-1.258E-06 , 1.800E+00 , 2.304E-04 
 2.024E-07 ,-6.889E-08 , 1.800E+00 ,-1.187E-06 , 1.800E+00 , 1.367E-04 
 2.041E-07 ,-6.212E-08 , 1.800E+00 ,-9.925E-07 , 1.800E+00 , 1.118E-05 
 2.076E-07 ,-4.857E-08 , 1.800E+00 ,-6.028E-07 , 1.800E+00 , 1.332E-05 
 2.121E-07 ,-3.096E-08 , 1.800E+00 ,-5.353E-07 , 1.800E+00 , 2.220E-05 
 2.166E-07 ,-1.334E-08 , 1.800E+00 ,-4.679E-07 , 1.800E+00 , 1.655E-05 
 2.200E-07 ,-3.317E-11 , 1.800E+00 ,-4.169E-07 , 1.800E+00 , 1.460E-05 
 2.200E-07 , 6.304E-03 , 1.800E+00 , 7.686E-06 , 1.800E+00 , 1.751E-05 
 2.200E-07 , 1.259E-02 , 1.800E+00 , 1.579E-05 , 1.800E+00 , 2.042E-05 
 2.200E-07 , 2.512E-02 , 1.801E+00 , 3.200E-05 , 1.800E+00 , 2.623E-05 
 2.200E-07 , 4.993E-02 , 1.802E+00 , 6.329E-05 , 1.800E+00 , 3.785E-05 
 2.200E-07 , 9.860E-02 , 1.804E+00 , 1.224E-04 , 1.800E+00 , 6.111E-05 
 2.200E-07 , 1.921E-01 , 1.807E+00 , 2.268E-04 , 1.800E+00 , 1.076E-04 
 2.200E-07 , 3.643E-01 , 1.812E+00 , 3.872E-04 , 1.801E+00 , 1.971E-04 
 2.200E-07 , 6.556E-01 , 1.819E+00 , 6.010E-04 , 1.801E+00 , 3.761E-04 
 2.200E-07 , 8.831E-01 , 1.822E+00 , 7.213E-04 , 1.801E+00 , 5.641E-04 
 2.200E-07 , 1.047E+00 , 1.823E+00 , 7.502E-04 , 1.801E+00 , 7.390E-04 
 2.200E-07 , 1.270E+00 , 1.823E+00 , 6.564E-04 , 1.801E+00 , 1.043E-03 
 2.200E-07 , 1.418E+00 , 1.821E+00 , 4.844E-04 , 1.801E+00 , 1.304E-03 
 2.200E-07 , 1.537E+00 , 1.817E+00 , 2.777E-04 , 1.800E+00 , 1.564E-03 
 2.200E-07 , 1.651E+00 , 1.812E+00 , 3.356E-05 , 1.800E+00 , 1.885E-03 
 2.200E-07 , 1.716E+00 , 1.807E+00 ,-1.092E-04 , 1.800E+00 , 2.129E-03 
 2.200E-07 , 1.755E+00 , 1.804E+00 ,-1.738E-04 , 1.799E+00 , 2.319E-03 
 2.200E-07 , 1.781E+00 , 1.802E+00 ,-1.780E-04 , 1.799E+00 , 2.480E-03 
 2.200E-07 , 1.793E+00 , 1.801E+00 ,-1.349E-04 , 1.800E+00 , 2.578E-03 
 2.200E-07 , 1.798E+00 , 1.800E+00 ,-7.760E-05 , 1.800E+00 , 2.612E-03 
 2.200E-07 , 1.799E+00 , 1.800E+00 ,-3.203E-05 , 1.800E+00 , 2.585E-03 
 2.200E-07 , 1.799E+00 , 1.800E+00 ,-1.191E-05 , 1.800E+00 , 2.496E-03 
 2.200E-07 , 1.800E+00 , 1.800E+00 ,-1.201E-05 , 1.800E+00 , 2.357E-03 
 2.200E-07 , 1.800E+00 , 1.800E+00 ,-1.448E-05 , 1.800E+00 , 2.114E-03 
 2.201E-07 , 1.800E+00 , 1.800E+00 ,-9.546E-06 , 1.800E+00 , 1.706E-03 
 2.201E-07 , 1.800E+00 , 1.800E+00 ,-4.617E-06 , 1.800E+00 , 1.108E-03 
 2.202E-07 , 1.800E+00 , 1.800E+00 ,-2.349E-06 , 1.800E+00 , 4.673E-04 
 2.205E-07 , 1.800E+00 , 1.800E+00 ,-7.844E-07 , 1.800E+00 , 1.125E-04 
 2.209E-07 , 1.800E+00 , 1.800E+00 ,-7.452E-07 , 1.800E+00 , 1.398E-04 
 2.216E-07 , 1.800E+00 , 1.800E+00 ,-6.799E-07 , 1.800E+00 , 1.480E-04 
 2.230E-07 , 1.800E+00 , 1.800E+00 ,-5.564E-07 , 1.800E+00 , 5.553E-05 
 2.258E-07 , 1.800E+00 , 1.800E+00 ,-3.094E-07 , 1.800E+00 , 2.340E-05 
 2.303E-07 , 1.800E+00 , 1.800E+00 ,-2.956E-07 , 1.800E+00 , 2.881E-05 
 2.348E-07 , 1.800E+00 , 1.800E+00 ,-2.818E-07 , 1.800E+00 , 2.346E-05 
 2.393E-07 , 1.800E+00 , 1.800E+00 ,-2.680E-07 , 1.800E+00 , 1.960E-05 
 2.400E-07 , 1.800E+00 , 1.800E+00 ,-2.658E-07 , 1.800E+00 , 1.924E-05 
 2.400E-07 , 1.792E+00 , 1.791E+00 , 9.181E-03 , 1.800E+00 , 8.450E-05 
 2.400E-07 , 1.784E+00 , 1.783E+00 , 1.834E-02 , 1.800E+00 , 1.498E-04 
 2.400E-07 , 1.768E+00 , 1.766E+00 , 3.658E-02 , 1.801E+00 , 2.778E-04 
 2.400E-07 , 1.737E+00 , 1.733E+00 , 7.265E-02 , 1.801E+00 , 5.249E-04 
 2.400E-07 , 1.676E+00 , 1.668E+00 , 1.431E-01 , 1.802E+00 , 9.831E-04 
 2.400E-07 , 1.562E+00 , 1.546E+00 , 2.771E-01 , 1.803E+00 , 1.767E-03 
 2.400E-07 , 1.359E+00 , 1.333E+00 , 5.149E-01 , 1.806E+00 , 2.959E-03 
 2.400E-07 , 1.206E+00 , 1.175E+00 , 6.900E-01 , 1.808E+00 , 3.782E-03 
 2.400E-07 , 1.025E+00 , 9.838E-01 , 8.972E-01 , 1.809E+00 , 4.786E-03 
 2.400E-07 , 8.665E-01 , 8.125E-01 , 1.080E+00 , 1.810E+00 , 5.705E-03 
 2.400E-07 , 7.099E-01 , 6.424E-01 , 1.256E+00 , 1.810E+00 , 6.600E-03 
 2.400E-07 , 5.531E-01 , 4.753E-01 , 1.418E+00 , 1.809E+00 , 7.505E-03 
 2.400E-07 , 4.036E-01 , 3.232E-01 , 1.556E+00 , 1.808E+00 , 8.543E-03 
 2.400E-07 , 2.816E-01 , 2.073E-01 , 1.653E+00 , 1.807E+00 , 9.800E-03 
 2.400E-07 , 1.888E-01 , 1.259E-01 , 1.717E+00 , 1.805E+00 , 1.140E-02 
 2.400E-07 , 1.189E-01 , 7.021E-02 , 1.757E+00 , 1.804E+00 , 1.351E-02 
 2.400E-07 , 6.842E-02 , 3.443E-02 , 1.781E+00 , 1.803E+00 , 1.633E-02 
 2.400E-07 , 3.482E-02 , 1.402E-02 , 1.794E+00 , 1.802E+00 , 2.004E-02 
 2.400E-07 , 1.513E-02 , 4.519E-03 , 1.799E+00 , 1.802E+00 , 2.484E-02 
 2.400E-07 , 5.351E-03 , 1.356E-03 , 1.801E+00 , 1.801E+00 , 3.101E-02 
 2.400E-07 , 1.575E-03 , 9.575E-04 , 1.801E+00 , 1.801E+00 , 3.904E-02 
 2.400E-07 , 6.242E-04 , 1.171E-03 , 1.801E+00 , 1.801E+00 , 4.994E-02 
 2.400E-07 , 5.111E-04 , 1.220E-03 , 1.802E+00 , 1.801E+00 , 6.590E-02 
 2.400E-07 , 3.752E-04 , 1.178E-03 , 1.802E+00 , 1.801E+00 , 8.888E-02 
 2.401E-07 , 2.237E-04 , 1.251E-03 , 1.802E+00 , 1.801E+00 , 1.347E-01 
 2.401E-07 , 2.030E-04 , 1.327E-03 , 1.802E+00 , 1.801E+00 , 2.260E-01 
 2.402E-07 , 2.073E-04 , 1.312E-03 , 1.802E+00 , 1.801E+00 , 3.627E-01 
 2.403E-07 , 2.020E-04 , 1.314E-03 , 1.802E+00 , 1.801E+00 , 5.899E-01 
 2.404E-07 , 2.040E-04 , 1.334E-03 , 1.801E+00 , 1.801E+00 , 8.335E-01 
 2.404E-07 , 2.598E-04 , 1.482E-03 , 1.801E+00 , 1.800E+00 , 1.014E+00 
 2.405E-07 , 4.152E-04 , 1.786E-03 , 1.801E+00 , 1.800E+00 , 1.159E+00 
 2.406E-07 , 5.843E-04 , 2.121E-03 , 1.801E+00 , 1.800E+00 , 1.337E+00 
 2.407E-07 , 5.617E-04 , 1.927E-03 , 1.801E+00 , 1.800E+00 , 1.467E+00 
 2.408E-07 , 4.561E-04 , 1.495E-03 , 1.800E+00 , 1.800E+00 , 1.571E+00 
 2.409E-07 , 2.956E-04 , 9.166E-04 , 1.800E+00 , 1.800E+00 , 1.672E+00 
 2.411E-07 , 1.485E-04 , 4.434E-04 , 1.800E+00 , 1.800E+00 , 1.741E+00 
 2.413E-07 , 7.063E-05 , 2.063E-04 , 1.800E+00 , 1.800E+00 , 1.773E+00 
 2.414E-07 , 2.989E-05 , 8.401E-05 , 1.800E+00 , 1.800E+00 , 1.789E+00 
 2.417E-07 , 1.138E-05 , 2.972E-05 , 1.800E+00 , 1.800E+00 , 1.796E+00 
 2.420E-07 , 4.760E-06 , 1.080E-05 , 1.800E+00 , 1.800E+00 , 1.799E+00 
 2.423E-07 , 2.857E-06 , 5.894E-06 , 1.800E+00 , 1.800E+00 , 1.799E+00 
 2.429E-07 , 2.190E-06 , 3.923E-06 , 1.800E+00 , 1.800E+00 , 1.799E+00 
 2.438E-07 , 1.040E-06 , 1.740E-06 , 1.800E+00 , 1.800E+00 , 1.800E+00 
 2.454E-07 , 7.298E-07 , 4.671E-07 , 1.800E+00 , 1.800E+00 , 1.800E+00 
 2.476E-07 , 3.056E-07 , 4.136E-07 , 1.800E+00 , 1.800E+00 , 1.800E+00 
 2.505E-07 , 2.578E-07 , 3.402E-07 , 1.800E+00 , 1.800E+00 , 1.800E+00 
 2.550E-07 , 1.853E-07 , 2.289E-07 , 1.800E+00 , 1.800E+00 , 1.800E+00 
 2.595E-07 , 1.128E-07 , 1.175E-07 , 1.800E+00 , 1.800E+00 , 1.800E+00 
 2.600E-07 , 1.054E-07 , 1.060E-07 , 1.800E+00 , 1.800E+00 , 1.800E+00 
 2.600E-07 , 6.264E-03 , 3.341E-04 , 1.800E+00 , 1.800E+00 , 1.800E+00 
 2.600E-07 , 1.251E-02 , 6.680E-04 , 1.800E+00 , 1.800E+00 , 1.800E+00 
 2.600E-07 , 2.496E-02 , 1.333E-03 , 1.800E+00 , 1.800E+00 , 1.800E+00 
 2.600E-07 , 4.962E-02 , 2.655E-03 , 1.800E+00 , 1.800E+00 , 1.800E+00 
 2.600E-07 , 9.800E-02 , 5.260E-03 , 1.800E+00 , 1.800E+00 , 1.801E+00 
 2.600E-07 , 1.910E-01 , 1.015E-02 , 1.801E+00 , 1.800E+00 , 1.801E+00 
 2.600E-07 , 3.624E-01 , 1.837E-02 , 1.801E+00 , 1.801E+00 , 1.802E+00 
 2.600E-07 , 6.520E-01 , 2.932E-02 , 1.802E+00 , 1.801E+00 , 1.805E+00 
 2.600E-07 , 8.842E-01 , 3.507E-02 , 1.802E+00 , 1.801E+00 , 1.806E+00 
 2.600E-07 , 1.057E+00 , 3.739E-02 , 1.802E+00 , 1.801E+00 , 1.808E+00 
 2.600E-07 , 1.229E+00 , 3.718E-02 , 1.801E+00 , 1.800E+00 , 1.809E+00 
 2.600E-07 , 1.388E+00 , 3.329E-02 , 1.800E+00 , 1.799E+00 , 1.811E+00 
 2.600E-07 , 1.533E+00 , 2.520E-02 , 1.799E+00 , 1.798E+00 , 1.813E+00 
 2.600E-07 , 1.652E+00 , 1.402E-02 , 1.797E+00 , 1.796E+00 , 1.815E+00 
 2.600E-07 , 1.724E+00 , 4.175E-03 , 1.795E+00 , 1.795E+00 , 1.816E+00 
 2.600E-07 , 1.760E+00 ,-2.461E-03 , 1.793E+00 , 1.793E+00 , 1.818E+00 
 2.600E-07 , 1.779E+00 ,-6.492E-03 , 1.792E+00 , 1.791E+00 , 1.819E+00 
 2.600E-07 , 1.788E+00 ,-8.619E-03 , 1.791E+00 , 1.791E+00 , 1.819E+00 
 2.600E-07 , 1.792E+00 ,-9.308E-03 , 1.792E+00 , 1.792E+00 , 1.818E+00 
 2.600E-07 , 1.795E+00 ,-9.000E-03 , 1.794E+00 , 1.795E+00 , 1.813E+00 
 2.600E-07 , 1.797E+00 ,-8.294E-03 , 1.796E+00 , 1.797E+00 , 1.802E+00 
 2.600E-07 , 1.798E+00 ,-7.830E-03 , 1.798E+00 , 1.799E+00 , 1.789E+00 
 2.600E-07 , 1.798E+00 ,-7.519E-03 , 1.798E+00 , 1.799E+00 , 1.773E+00 
 2.600E-07 , 1.798E+00 ,-7.293E-03 , 1.798E+00 , 1.800E+00 , 1.751E+00 
 2.601E-07 , 1.799E+00 ,-7.113E-03 , 1.798E+00 , 1.800E+00 , 1.722E+00 
 2.601E-07 , 1.799E+00 ,-6.976E-03 , 1.798E+00 , 1.800E+00 , 1.681E+00 
 2.601E-07 , 1.799E+00 ,-6.891E-03 , 1.798E+00 , 1.800E+00 , 1.619E+00 
 2.601E-07 , 1.799E+00 ,-6.814E-03 , 1.799E+00 , 1.800E+00 , 1.498E+00 
 2.602E-07 , 1.799E+00 ,-6.571E-03 , 1.799E+00 , 1.800E+00 , 1.292E+00 
 2.603E-07 , 1.799E+00 ,-5.234E-03 , 1.799E+00 , 1.800E+00 , 1.027E+00 
 2.604E-07 , 1.800E+00 ,-3.014E-03 , 1.798E+00 , 1.800E+00 , 7.673E-01 
 2.604E-07 , 1.800E+00 ,-2.111E-03 , 1.798E+00 , 1.799E+00 , 5.802E-01 
 2.605E-07 , 1.800E+00 ,-1.661E-03 , 1.798E+00 , 1.799E+00 , 4.326E-01 
 2.605E-07 , 1.800E+00 ,-1.199E-03 , 1.799E+00 , 1.799E+00 , 2.848E-01 
 2.606E-07 , 1.800E+00 ,-7.979E-04 , 1.799E+00 , 1.800E+00 , 1.733E-01 
 2.607E-07 , 1.800E+00 ,-4.346E-04 , 1.800E+00 , 1.800E+00 , 8.361E-02 
 2.608E-07 , 1.800E+00 ,-1.931E-04 , 1.800E+00 , 1.800E+00 , 2.945E-02 
 2.610E-07 , 1.800E+00 ,-9.917E-05 , 1.800E+00 , 1.800E+00 , 1.047E-02 
 2.611E-07 , 1.800E+00 ,-6.023E-05 , 1.800E+00 , 1.800E+00 , 3.947E-03 
 2.613E-07 , 1.800E+00 ,-4.154E-05 , 1.800E+00 , 1.800E+00 , 1.876E-03 
 2.615E-07 , 1.800E+00 ,-3.033E-05 , 1.800E+00 , 1.800E+00 , 1.258E-03 
 2.618E-07 , 1.800E+00 ,-2.170E-05 , 1.800E+00 , 1.800E+00 , 8.393E-04 
 2.624E-07 , 1.800E+00 ,-1.357E-05 , 1.800E+00 , 1.800E+00 , 3.948E-04 
 2.633E-07 , 1.800E+00 ,-8.220E-06 , 1.800E+00 , 1.800E+00 , 1.815E-04 
 2.645E-07 , 1.800E+00 ,-5.413E-06 , 1.800E+00 , 1.800E+00 , 1.323E-04 
 2.663E-07 , 1.800E+00 ,-3.627E-06 , 1.800E+00 , 1.800E+00 , 9.334E-05 
 2.690E-07 , 1.800E+00 ,-2.323E-06 , 1.800E+00 , 1.800E+00 , 5.747E-05 
 2.727E-07 , 1.800E+00 ,-1.756E-06 , 1.800E+00 , 1.800E+00 , 3.807E-05 
 2.772E-07 , 1.800E+00 ,-1.079E-06 , 1.800E+00 , 1.800E+00 , 2.739E-05 
 2.800E-07 , 1.800E+00 ,-9.231E-07 , 1.800E+00 , 1.800E+00 , 2.355E-05 
 2.800E-07 , 1.792E+00 , 8.952E-03 , 1.800E+00 , 1.800E+00 , 1.341E-04 
 2.800E-07 , 1.775E+00 , 2.680E-02 , 1.800E+00 , 1.800E+00 , 3.533E-04 
 2.800E-07 , 1.743E+00 , 6.222E-02 , 1.800E+00 , 1.800E+00 , 7.819E-04 
 2.800E-07 , 1.680E+00 , 1.317E-01 , 1.800E+00 , 1.800E+00 , 1.597E-03 
 2.800E-07 , 1.561E+00 , 2.642E-01 , 1.800E+00 , 1.800E+00 , 3.058E-03 
 2.800E-07 , 1.350E+00 , 5.006E-01 , 1.800E+00 , 1.800E+00 , 5.430E-03 
 2.800E-07 , 1.159E+00 , 7.212E-01 , 1.801E+00 , 1.800E+00 , 7.460E-03 
 2.800E-07 , 1.023E+00 , 8.837E-01 , 1.801E+00 , 1.800E+00 , 8.879E-03 
 2.800E-07 , 8.661E-01 , 1.075E+00 , 1.802E+00 , 1.801E+00 , 1.049E-02 
 2.800E-07 , 7.377E-01 , 1.228E+00 , 1.802E+00 , 1.801E+00 , 1.172E-02 
 2.800E-07 , 6.099E-01 , 1.369E+00 , 1.802E+00 , 1.801E+00 , 1.284E-02 
 2.800E-07 , 4.621E-01 , 1.516E+00 , 1.802E+00 , 1.801E+00 , 1.397E-02 
 2.800E-07 , 3.464E-01 , 1.617E+00 , 1.802E+00 , 1.801E+00 , 1.472E-02 
 2.800E-07 , 2.559E-01 , 1.687E+00 , 1.801E+00 , 1.801E+00 , 1.520E-02 
 2.800E-07 , 1.750E-01 , 1.741E+00 , 1.801E+00 , 1.801E+00 , 1.553E-02 
 2.800E-07 , 1.133E-01 , 1.776E+00 , 1.800E+00 , 1.800E+00 , 1.567E-02 
 2.800E-07 , 7.056E-02 , 1.796E+00 , 1.800E+00 , 1.800E+00 , 1.566E-02 
 2.800E-07 , 4.308E-02 , 1.806E+00 , 1.800E+00 , 1.800E+00 , 1.551E-02 
 2.800E-07 , 2.786E-02 , 1.810E+00 , 1.800E+00 , 1.800E+00 , 1.525E-02 
 2.800E-07 , 2.040E-02 , 1.811E+00 , 1.800E+00 , 1.800E+00 , 1.490E-02 
 2.800E-07 , 1.691E-02 , 1.810E+00 , 1.800E+00 , 1.800E+00 , 1.444E-02 
 2.800E-07 , 1.485E-02 , 1.807E+00 , 1.800E+00 , 1.800E+00 , 1.381E-02 
 2.800E-07 , 1.215E-02 , 1.805E+00 , 1.800E+00 , 1.800E+00 , 1.301E-02 
 2.800E-07 , 8.744E-03 , 1.803E+00 , 1.800E+00 , 1.800E+00 , 1.216E-02 
 2.801E-07 , 5.870E-03 , 1.802E+00 , 1.800E+00 , 1.800E+00 , 1.134E-02 
 2.801E-07 , 3.362E-03 , 1.801E+00 , 1.800E+00 , 1.800E+00 , 1.035E-02 
 2.801E-07 , 1.617E-03 , 1.801E+00 , 1.800E+00 , 1.800E+00 , 9.204E-03 
 2.801E-07 , 6.383E-04 , 1.800E+00 , 1.800E+00 , 1.800E+00 , 7.953E-03 
 2.801E-07 , 1.955E-04 , 1.800E+00 , 1.800E+00 , 1.800E+00 , 6.621E-03 
 2.802E-07 , 5.438E-05 , 1.800E+00 , 1.800E+00 , 1.800E+00 , 5.211E-03 
 2.802E-07 , 3.320E-05 , 1.800E+00 , 1.800E+00 , 1.800E+00 , 3.729E-03 
 2.803E-07 , 2.316E-05 , 1.800E+00 , 1.800E+00 , 1.800E+00 , 2.356E-03 
 2.804E-07 , 5.159E-06 , 1.800E+00 , 1.800E+00 , 1.800E+00 , 1.010E-03 
 2.806E-07 ,-1.840E-06 , 1.800E+00 , 1.800E+00 , 1.800E+00 , 1.748E-04 
 2.809E-07 , 5.053E-07 , 1.800E+00 , 1.800E+00 , 1.800E+00 , 1.361E-04 
 2.815E-07 , 4.226E-07 , 1.800E+00 , 1.800E+00 , 1.800E+00 , 1.669E-04 
 2.824E-07 , 2.808E-07 , 1.800E+00 , 1.800E+00 , 1.800E+00 , 4.634E-05 
 2.842E-07 ,-2.917E-09 , 1.800E+00 , 1.800E+00 , 1.800E+00 ,-2.030E-05 
 2.879E-07 ,-2.230E-09 , 1.800E+00 , 1.800E+00 , 1.800E+00 , 3.436E-07 
 2.924E-07 ,-1.395E-09 , 1.800E+00 , 1.800E+00 , 1.800E+00 , 2.245E-06 
 2.969E-07 ,-5.595E-10 , 1.800E+00 , 1.800E+00 , 1.800E+00 , 3.932E-08 
 3.000E-07 , 6.520E-12 , 1.800E+00 , 1.800E+00 , 1.800E+00 ,-9.164E-09 
 3.000E-07 , 6.304E-03 , 1.800E+00 , 1.800E+00 , 1.800E+00 , 3.650E-06 
 3.000E-07 , 1.259E-02 , 1.800E+00 , 1.800E+00 , 1.800E+00 , 7.309E-06 
 3.000E-07 , 2.512E-02 , 1.801E+00 , 1.800E+00 , 1.800E+00 , 1.463E-05 
 3.000E-07 , 4.993E-02 , 1.802E+00 , 1.800E+00 , 1.800E+00 , 2.926E-05 
 3.000E-07 , 9.860E-02 , 1.804E+00 , 1.800E+00 , 1.800E+00 , 5.941E-05 
 3.000E-07 , 1.921E-01 , 1.807E+00 , 1.800E+00 , 1.800E+00 , 1.197E-04 
 3.000E-07 , 3.643E-01 , 1.812E+00 , 1.801E+00 , 1.801E+00 , 2.435E-04 
 3.000E-07 , 6.555E-01 , 1.818E+00 , 1.801E+00 , 1.801E+00 , 5.145E-04 
 3.000E-07 , 8.830E-01 , 1.822E+00 , 1.801E+00 , 1.801E+00 , 8.161E-04 
 3.000E-07 , 1.047E+00 , 1.823E+00 , 1.801E+00 , 1.801E+00 , 1.102E-03 
 3.000E-07 , 1.268E+00 , 1.823E+00 , 1.801E+00 , 1.801E+00 , 1.597E-03 
 3.000E-07 , 1.416E+00 , 1.820E+00 , 1.801E+00 , 1.801E+00 , 2.021E-03 
 3.000E-07 , 1.539E+00 , 1.817E+00 , 1.800E+00 , 1.800E+00 , 2.447E-03 
 3.000E-07 , 1.652E+00 , 1.811E+00 , 1.800E+00 , 1.800E+00 , 2.928E-03 
 3.000E-07 , 1.717E+00 , 1.807E+00 , 1.800E+00 , 1.800E+00 , 3.261E-03 
 3.000E-07 , 1.756E+00 , 1.804E+00 , 1.800E+00 , 1.800E+00 , 3.490E-03 
 3.000E-07 , 1.781E+00 , 1.802E+00 , 1.800E+00 , 1.800E+00 , 3.649E-03 
 3.000E-07 , 1.793E+00 , 1.801E+00 , 1.800E+00 , 1.800E+00 , 3.704E-03 
 3.000E-07 , 1.798E+00 , 1.800E+00 , 1.800E+00 , 1.800E+00 , 3.666E-03 
 3.000E-07 , 1.799E+00 , 1.800E+00 , 1.800E+00 , 1.800E+00 , 3.545E-03 
 3.000E-07 , 1.800E+00 , 1.800E+00 , 1.800E+00 , 1.800E+00 , 3.340E-03 
 3.000E-07 , 1.800E+00 , 1.800E+00 , 1.800E+00 , 1.800E+00 , 3.063E-03 
 3.000E-07 , 1.800E+00 , 1.800E+00 , 1.800E+00 , 1.800E+00 , 2.602E-03 
 3.001E-07 , 1.800E+00 , 1.800E+00 , 1.800E+00 , 1.800E+00 , 1.876E-03 
 3.001E-07 , 1.800E+00 , 1.800E+00 , 1.800E+00 , 1.800E+00 , 9.636E-04 
 3.002E-07 , 1.800E+00 , 1.800E+00 , 1.800E+00 , 1.800E+00 , 2.457E-04 
 3.005E-07 , 1.800E+00 , 1.800E+00 , 1.800E+00 , 1.800E+00 , 9.786E-05 
 3.008E-07 , 1.800E+00 , 1.800E+00 , 1.800E+00 , 1.800E+00 , 1.691E-04 
 3.014E-07 , 1.800E+00 , 1.800E+00 , 1.800E+00 , 1.800E+00 , 8.980E-05 
 3.026E-07 , 1.800E+00 , 1.800E+00 , 1.800E+00 , 1.800E+00 , 8.166E-06 
 3.050E-07 , 1.800E+00 , 1.800E+00 , 1.800E+00 , 1.800E+00 , 1.492E-05 
 3.095E-07 , 1.800E+00 , 1.800E+00 , 1.800E+00 , 1.800E+00 , 1.644E-05 
 3.140E-07 , 1.800E+00 , 1.800E+00 , 1.800E+00 , 1.800E+00 , 1.052E-05 
 3.200E-07 , 1.800E+00 , 1.800E+00 , 1.800E+00 , 1.800E+00 , 8.132E-06 
